%# iteration evaluations sigma axisratio stddevratio sort(diag(D)) (square roots of eigenvalues of C) (randomSeed=1258342175428, Sun Nov 15 21:29:35 CST 2009)

0 0 0.8 1.0 1.0 1.0 1.0 1.0 1.0 1.0 1.0 1.0 1.0 1.0 1.0 
1 10 0.7945357750376778 1.0 1.0212619273713939 1.0 1.0 1.0 1.0 1.0 1.0 1.0 1.0 1.0 1.0 
54 540 0.4050147993924519 2.119800802969154 1.6183522400881007 0.6121524711483525 0.6703773894146468 0.7014790947978364 0.7268927960697047 0.731061022060817 0.7584781121640577 0.8233077189467383 0.9342004135757526 1.1572769533155722 1.2976412998798295 
2 20 0.8265008560141668 1.0986056267327582 1.0489504730023453 0.9836344012096953 0.9836344012096954 0.9836344012096955 0.9836344012096955 0.9836344012096958 0.9872596073156433 0.991916929155161 0.9955229016030569 1.0008218096625752 1.0806262878168786 
55 550 0.3733285880669049 2.1450049215136264 1.6403182649007846 0.6055778837778233 0.6623090989664324 0.7006550633912807 0.7214272698382933 0.7252489987616282 0.7537097828605657 0.8115115082198221 0.9337042645472998 1.1445516691886588 1.2989675410632378 
3 30 0.814720571804321 1.1449695913391982 1.0511421323859504 0.9676463939684128 0.968004929357303 0.9733675715473101 0.9771449601941179 0.977318670011813 0.9813748068158497 0.9831721621359697 0.9939040367003503 1.05128245374483 1.1079256962628623 
56 560 0.37140093447244443 2.164368325395758 1.6559029475254206 0.6004165155437141 0.6602753045387586 0.6924987301010554 0.7141349134909413 0.722206449615041 0.7529825013695469 0.8029104457145347 0.9284311005160055 1.1646422039418658 1.2995224882873047 
4 40 0.8536197157231777 1.176139803553058 1.0597738567302033 0.9537193836356554 0.9594169232282836 0.9610356568654076 0.9654325688674296 0.9678981515213861 0.9697041310558577 0.9813395781262926 0.9916808938979179 1.0506338492222898 1.1217073285139834 
57 570 0.42017907051380704 2.183947969392739 1.6241690379023939 0.5932664265310073 0.6572597216804178 0.685852487556284 0.7063218871459266 0.7185574291474451 0.7451084509159616 0.8231490381301461 0.9210487654315599 1.1674874746368629 1.2956630075312798 
5 50 0.9307794721479953 1.2270956522638405 1.069212889190849 0.9388043204050367 0.9467841771420836 0.9514272433482142 0.9601089795694815 0.9648997642357199 0.9684864034612951 0.9798128561451264 1.0273295522512975 1.0440120371215433 1.15200269989553 
6 60 0.99720400971871 1.2856126358253837 1.0909517238280702 0.9249464519494622 0.9358239489412369 0.9453017084039151 0.9512531437023701 0.9595277067554936 0.961083875841875 1.0055498789657538 1.0289728293634541 1.042444011814665 1.1891228460880847 
58 580 0.4461990553417096 2.15671979438243 1.6371327819734027 0.6013978761444955 0.6493469107971068 0.6868183530519733 0.7052746313368419 0.7115761284411626 0.7382291131037569 0.8495825532364135 0.9168719861210431 1.1913534231815721 1.2970467037803863 
7 70 1.0638811712634975 1.3260211564136712 1.1176465681020653 0.9120341411239603 0.9221186012119874 0.9342027451268194 0.9402640141855138 0.9463156776667937 0.9635841838978427 0.9989008740749197 1.0293142946412501 1.0675189686116164 1.2093765665019434 
59 590 0.4412667566847561 2.105972746657554 1.6013869136400767 0.6120854114423194 0.6425304099972898 0.6847125169603611 0.6990402144481626 0.7029459148876024 0.7348858865167615 0.8448670889423271 0.9060099033432634 1.2021439895775878 1.2890351951242005 
8 80 1.192739241632353 1.3816290705876455 1.145428243024867 0.9016039125838087 0.9100915120877232 0.9236006983071535 0.9278366548307643 0.9450765035235524 0.9681764924833767 0.9885102102871396 1.0186609782828768 1.0582834302134325 1.2456821757813523 
60 600 0.436873699776353 2.1139679451586257 1.6274345695582486 0.6060345500396559 0.634935551087855 0.6798730839141824 0.6940130048149639 0.6998166467781487 0.7293797045310778 0.8577800404502749 0.9113640621550483 1.1997534913551025 1.2811376124424638 
9 90 1.2852727652398983 1.5191775560554892 1.183500885412696 0.8905514270263393 0.9038958004374487 0.9145322441096017 0.9207307912291514 0.9426522300085916 0.9817426403726874 0.9858092576508896 1.0266061972166678 1.054242679925142 1.3529057404516025 
61 610 0.3979791447757041 2.1339492641081432 1.6396420498318747 0.6044324153633286 0.6291004362765737 0.6762041062763294 0.6839051240972405 0.6915011373885349 0.72360731170858 0.8542587315472183 0.912075871236299 1.1879952205201911 1.2898281079676825 
10 100 1.4354390801389305 1.5649652880025524 1.2309019901554514 0.8875513356151629 0.891114102918048 0.9042496358197093 0.9129432257218876 0.9382186304894453 0.975191819395199 1.0088034388156988 1.0205364860575954 1.042780641607335 1.3889870315580335 
62 620 0.37136227556955137 2.1488970347567977 1.642497816965236 0.5982901707908037 0.6239993364434211 0.6691428084669481 0.6824919926802427 0.6877340099385656 0.7245736065281755 0.8437319186475619 0.9051357591377706 1.1736812081466315 1.2856639739364961 
11 110 1.3443399873714663 1.6227569661731072 1.2427858508659517 0.875237846208606 0.8823231191882301 0.8930184633423437 0.9008076956427584 0.9439559451495607 0.9855460702793827 0.9953990905141774 1.0306131471151279 1.0817136643398337 1.420298311993362 
63 630 0.335094360397741 2.161990099351643 1.6529857689614798 0.5905670209655033 0.6201824023086455 0.6602608413030363 0.6866049654716019 0.6888310997129976 0.7171146551749665 0.8411169877566087 0.9000122490262633 1.1741391527974958 1.2768000523310123 
12 120 1.3382657281039947 1.6455753375184845 1.260598070494355 0.8691210236618091 0.8733783061429036 0.8890461488064116 0.8980886803037678 0.9400110958501635 0.972038130434241 0.9956134435757827 1.015154745016472 1.0798806810497843 1.4302041218566923 
64 640 0.3115909065809879 2.1638506795576355 1.6547536872530775 0.5887483793973267 0.6203409183761315 0.6506295062949304 0.6780237880169445 0.6813636128286399 0.7121532362752536 0.8360202604607577 0.8997060298068053 1.1819267743835669 1.2739635808473622 
13 130 1.3053126127567325 1.6528659883320744 1.284687968238123 0.85951776794944 0.8727695106401315 0.8795017186559331 0.9061458085801937 0.9344702948700059 0.9627756778616279 0.9886423722670891 1.0288117872815898 1.093325355166528 1.4206676850107298 
65 650 0.3019165477381199 2.1996929788205226 1.6100399297908339 0.5805820020740889 0.6131465887931838 0.6424778251688191 0.6699087732606884 0.6778633449389576 0.7069024967028968 0.8324903171755498 0.8891763639501605 1.1729199297451072 1.2771021535919356 
14 140 1.1630952057896167 1.667157812602236 1.2746231370636325 0.8466110762852771 0.8701193010180879 0.8806845383284865 0.9010552209841539 0.9265981771321478 0.948278671539005 0.9800995070220092 1.0287334467506661 1.1260732570569327 1.4114342700645872 
66 660 0.30377779223604195 2.2405769559379634 1.5877156858891086 0.5731340192244597 0.610119911658262 0.644030887693495 0.6660800470410454 0.6773347896462014 0.7228465726225453 0.8263236737880568 0.8950495670991123 1.1572443537206536 1.2841508761384302 
15 150 1.1045419413130255 1.6484708688395513 1.2614250647690184 0.8445893366340251 0.8670223528933054 0.8696424187001038 0.892043187065527 0.9150030087615433 0.9388029136737452 0.9813044271552971 1.0204306040566515 1.1540006511396188 1.3922809175737116 
67 670 0.2797809195636284 2.2455300157248113 1.5869795700734097 0.5639100022502375 0.6032469296937094 0.6375445156972563 0.6559043329430965 0.6811343432835416 0.7285764326724 0.8162446329457392 0.884035246610005 1.202007440801139 1.266276836220354 
16 160 1.1052393816504829 1.6692566050142845 1.3164464230387039 0.8368291886605462 0.857834266244573 0.8757230858319583 0.8859755399196284 0.907834568268667 0.9287112474580113 0.9785357738472025 1.0135914364361356 1.1434173296039323 1.3968826504403615 
68 680 0.26866085176327575 2.2316831622029274 1.6098410132696466 0.5628300292952825 0.5987949175153037 0.6303860622936545 0.6496783297854547 0.6766698127745706 0.7225179584032463 0.8178019182373572 0.875721210369466 1.196878629498914 1.2560582995604623 
17 170 1.064478927940756 1.7069659441763008 1.325899047244953 0.82590691657335 0.8447126617027733 0.8648250283128255 0.8778677537178045 0.8942611589923984 0.9345232659496487 0.9797584722509246 1.0165366807563698 1.146068267253568 1.4097949796503657 
69 690 0.25823869539738337 2.2083307961544896 1.6200434393958023 0.5625390493304545 0.5919786823357295 0.6295737671140442 0.6427665392209838 0.6675182528141819 0.716452019864583 0.8085776255083902 0.8792734056128687 1.1967349265189031 1.2422723066759123 
18 180 0.9701368885566967 1.711285568499201 1.3197787408858879 0.8203761345006496 0.8341741749982534 0.8535558168314235 0.8728411363907723 0.8901803348985148 0.9338506769347004 0.9710809235330846 1.0176629192725852 1.136435556014873 1.4038978397121211 
70 700 0.24068341267313248 2.183074369594249 1.6036245275362653 0.5658611086481843 0.5843061070527454 0.6264030333371552 0.6380112455910945 0.6662570651351056 0.710309383457081 0.8017844460813581 0.8766591952215593 1.1855894459444898 1.2353168830400376 
19 190 0.8932983165943125 1.703798706058722 1.306814134618997 0.812402599010909 0.8252469128349105 0.8473810834517883 0.8739546553733408 0.8864840208394025 0.9332767221653548 0.9636400398313093 1.0112802935351362 1.126460763701774 1.3841704969935298 
71 710 0.24169816259874308 2.166920935379992 1.5920032668849569 0.5625702175004872 0.5874415145819964 0.6202166698996965 0.6313956101463019 0.6595923060041469 0.7120578290416159 0.7928559629931645 0.8863501428794368 1.1714218620519294 1.2190451819230812 
20 200 0.845741031401165 1.7036210681573205 1.3090645662460265 0.8041028877411646 0.818457282039943 0.8433907611717143 0.8636703803548974 0.899276724606708 0.9258624769031295 0.9554231748086262 1.0078163686668362 1.1118267660504018 1.3698866205219888 
72 720 0.25695726076917513 2.151958733458495 1.6530486033077683 0.5632798651928473 0.5823212123320581 0.6143534935574274 0.6353467504486339 0.6794062280408616 0.7126923393455925 0.7919046766686927 0.8948853891783012 1.1712804482546852 1.2121550252830715 
21 210 0.7381959410961496 1.7330629272814277 1.3125270461866612 0.7952062975466464 0.8194862279871237 0.8410628456251548 0.8634167100748257 0.8884135017008201 0.9212525566449433 0.945194259002597 1.0007482417147404 1.106334205261035 1.378142553818817 
73 730 0.2875579607061814 2.2236324032597587 1.7520447189846007 0.5607030743261197 0.5955218535015369 0.6212289840329268 0.6281489698204703 0.6738244838148852 0.714903693255826 0.7913278149045307 0.8928197635135614 1.1718648565656702 1.2467975246789245 
22 220 0.6800386911198613 1.7402042274412837 1.3098146840527816 0.7843598246639368 0.811675658450986 0.83692154391862 0.8554799104293432 0.8791236755037374 0.9213090914798064 0.9397761233845515 1.005403788603936 1.0989603959501082 1.364946282715287 
74 740 0.2852749923398011 2.3616580112151135 1.7481032848018119 0.5533569090686988 0.5916528900610518 0.6196138745357903 0.6424467127271692 0.6800498131483373 0.7096557225292232 0.7935340816771211 0.9033359150353224 1.1738875573448673 1.3068397773633258 
23 230 0.631274730888062 1.7458993828328444 1.3176502969596458 0.7774190382477658 0.8030733686869225 0.8306894734894933 0.8454680723823013 0.878989017713372 0.9108920805933002 0.9394473905874108 0.9993322173882486 1.0892790916119157 1.3572954190792779 
75 750 0.2652814471283643 2.38209352252673 1.7293475412910795 0.547718795770717 0.5873020202679207 0.6152561505952404 0.6431920851140365 0.6708828985437612 0.700238781185982 0.7999321915866632 0.9100912023622458 1.161515232390155 1.304717395571566 
24 240 0.574101947572845 1.7373440498415016 1.3251825675075555 0.7720494251586804 0.8047754649121825 0.8339957315287693 0.8460117141219557 0.8768893879496921 0.9126033978270517 0.9347452946627455 1.014348387788818 1.0826265177953316 1.341315474982985 
76 760 0.26508127881877114 2.3940353469871076 1.7291962360524498 0.539733376406641 0.5794706140171627 0.6118910005977528 0.6420700742282033 0.6674677155029621 0.6969197220377773 0.789244581611163 0.9070889274496449 1.1673208371382593 1.292140781066196 
25 250 0.511213436942431 1.7418021232595446 1.3254854081568372 0.7649763481154876 0.7932851329546763 0.8255885347107794 0.8392588932220221 0.8641667216352306 0.9072675241426224 0.9318852091510823 1.005962263593392 1.0766314792547291 1.332437427390889 
77 770 0.2590983059552044 2.405175747206608 1.7926070315886626 0.531815297323467 0.572497686180546 0.6101981294952521 0.6481909019588775 0.6639508505904816 0.6999424188802426 0.7872724708111756 0.9018598548257204 1.1870304945040928 1.279109255115874 
26 260 0.4816734298403409 1.753451233741497 1.3264078560712764 0.759811428799049 0.7825465851021454 0.8231183659734906 0.8304472624605127 0.8590222374039881 0.9046501361513315 0.9278479584240478 0.9936949223590684 1.0809970158704043 1.3322922872385818 
78 780 0.2516091141294582 2.4522524703659094 1.8052295754418257 0.5238621069674372 0.5689641031408291 0.6028335544262515 0.6497593263208264 0.6689071100091101 0.6964283704522364 0.7850950856846692 0.895522897440363 1.1831947097884985 1.2846421459419881 
27 270 0.44241902976933073 1.750719775883776 1.3335379276570818 0.7534262790070445 0.7776290256359486 0.817397999849011 0.8240750511752161 0.8500182238750434 0.9163487096960508 0.9316957685500936 0.9878415346017156 1.0750324511924052 1.3190382863281602 
79 790 0.24673153943061563 2.465154552198435 1.8087441985254598 0.5186527332729417 0.5762277331990868 0.5998281829009731 0.6461644916237469 0.6717621267705867 0.6961397974372189 0.7749217877639573 0.8831856281269409 1.1890281918697974 1.2785591464379529 
28 280 0.4330775408195645 1.7447717490880656 1.323404537019541 0.746845007981657 0.7687727683478821 0.8103893774822359 0.8122455062246451 0.8423713036168871 0.9059723115743394 0.9473884623415827 0.9745989171838753 1.06824193323336 1.303074070873846 
80 800 0.2508793192891162 2.476708429830416 1.8297182538781325 0.5119906344221054 0.5721613843893305 0.6027649485045672 0.6363982254619702 0.6750491647913247 0.6933672639102073 0.8046781127251442 0.8762757945032597 1.1760707817838971 1.2680515202674512 
29 290 0.4205718268796435 1.746084490574825 1.3055493677526446 0.7354332245831804 0.7713779649208397 0.8008761405685094 0.8072652354068197 0.8507599366665404 0.9020526425853366 0.953760496900719 0.9667971970936722 1.0765582944942347 1.2841285472981234 
81 810 0.23489226936649965 2.511856249541034 1.819169727157506 0.5142800437529113 0.568087563486071 0.5977873883011536 0.6367378388564886 0.6669929263597604 0.6899410352138836 0.798014910026378 0.87270005912272 1.1668433471376374 1.2917975419149865 
30 300 0.40773195640665627 1.7452902583029568 1.2934596246619312 0.7270885320494572 0.7608171682886893 0.7986836969527341 0.809822856658664 0.8501221531442198 0.8965876152615996 0.9499342804104258 0.9534813303760494 1.0739688666058083 1.268980531909715 
82 820 0.2205323291962045 2.4870871726309423 1.8137054421046463 0.5167635472348898 0.5625552886904868 0.5908003366966402 0.63191589237651 0.6614199971050818 0.6887847508398253 0.7930971292263995 0.868685210747225 1.1674541917688404 1.2852359896111585 
31 310 0.40184188130528514 1.7461852230342916 1.2945009077353875 0.7180706658881927 0.7576486613485682 0.7930577073972036 0.8159191182965506 0.8714635914812916 0.8828783247522397 0.9357974211339462 0.9443388821614275 1.063484824835266 1.253884385868356 
83 830 0.22434733593074005 2.493611616641692 1.761837733740083 0.516588980223668 0.5625271556298933 0.5900942499996871 0.6260198294360085 0.6581967086585161 0.691561606014252 0.7924704128416075 0.8629463034264736 1.1605436501252095 1.2881722821148236 
32 320 0.4110464498803098 1.7569307581293485 1.284762891078769 0.7080061572429368 0.7512863192936934 0.7898148708191383 0.8195409159641336 0.8701877074640982 0.8839478881784402 0.9293226378831057 0.9334482184625572 1.0704368274735665 1.2439177946050797 
84 840 0.21355913279677216 2.467058272030554 1.750870467344312 0.5205507350616152 0.5575554623274329 0.5949801033992839 0.6285607288372541 0.6531673899882318 0.6887549506531717 0.7878688855272349 0.8669233403409905 1.155967276271705 1.284228996945343 
33 330 0.43795951819856627 1.7616078202930112 1.299008275344803 0.7010339947863217 0.7448091288319979 0.7799703388581706 0.8154662933546107 0.8702044544216252 0.8887621624235647 0.9213555452192 0.9415808949455488 1.0844308887066691 1.2349469675068343 
85 850 0.21959759235215917 2.503298940851366 1.7780064214274875 0.5166332710626653 0.5531430080279238 0.5923440700572841 0.6268875384774039 0.663576767878315 0.6882645344688193 0.7760317925356208 0.864270712079175 1.1479382918000927 1.293287520259747 
34 340 0.46277454548119823 1.7654023873183036 1.29757636055821 0.6973668512692924 0.7343458421472224 0.7702127277248163 0.8037397193784218 0.8615075774363147 0.8787664291871587 0.9161575443150491 0.9598677202151403 1.1382533472303809 1.2311331040674571 
86 860 0.20679739915492173 2.514643260622297 1.7778693796505192 0.5098444862605085 0.5533689225557081 0.5856670219838896 0.619743046608733 0.6645134298453593 0.6918802435268371 0.7981124952924186 0.8580342624918662 1.1498448156785972 1.282077001340425 
35 350 0.4765232440905915 1.7675243230947806 1.329868622839858 0.6970938839071141 0.735280683477562 0.7604034152566103 0.7981538822150175 0.857597016075512 0.8721872322407681 0.9064590420722578 0.9677228758156209 1.1478303890441264 1.2321303952864335 
87 870 0.20380308914065498 2.5403592245109543 1.839649687382817 0.5042242147556076 0.5516165703563228 0.5813254173412554 0.6114907720360825 0.6559619531928612 0.6853419230318742 0.7898245730258389 0.8619258348275842 1.14111645791838 1.2809106351762003 
36 360 0.4663449185411174 1.8276743345727458 1.350634795276039 0.6918698631974 0.7269152326431085 0.7520290497931587 0.7895597013250438 0.8616514843422319 0.8676852076442775 0.8934924855626835 0.963476077252206 1.1472604868660188 1.2645127918302446 
88 880 0.197905932965562 2.59157661465678 1.8614081541444818 0.5035425873151768 0.5498320865363305 0.5760336071037414 0.6047149198424373 0.649592729991455 0.6873912595395664 0.7820341473115584 0.8647579635734173 1.1311704385596923 1.3049691937697818 
37 370 0.4462142236883639 1.8491880508299332 1.3497955654221594 0.686926108886107 0.7271830821089089 0.741805458065174 0.7921101780083523 0.8481985231666533 0.862105267291508 0.892263717498961 0.9549693245448017 1.1506978771464698 1.2702555523552905 
89 890 0.19412554104699056 2.5794776858345854 1.8916358075754829 0.4995950744048806 0.5472592033194522 0.5698715508576461 0.6002887055634697 0.6476104131778448 0.6863723100359509 0.7765840819303886 0.860079112591806 1.1453554442888831 1.288694346380259 
38 380 0.4410688452311719 1.8655494513138189 1.3528721856134984 0.6844725455650249 0.7213096377975403 0.7412289666680013 0.7887974244609663 0.8350108385015241 0.8550401497031239 0.8863667815081114 0.9444622389524553 1.1490960554007112 1.2769173818182051 
90 900 0.19969648976744164 2.5851915124729743 1.8915716766285997 0.4941732846125506 0.5422540484440419 0.5632413010323014 0.5972591546081825 0.6530260008585879 0.690216524071779 0.774425317581196 0.8513398155462218 1.1383231134482867 1.2775325810712572 
39 390 0.43125238489342665 1.8912170429216777 1.3627403617062832 0.6745873831041812 0.711105398386629 0.7389742657930686 0.8014775360724903 0.8437546198502562 0.8532312572789462 0.8768769265283252 0.9359173937890072 1.153659144290533 1.2757911558665624 
91 910 0.19985564961407562 2.5598177452671704 1.8795241449825042 0.49342822053585017 0.5493378149679254 0.5567411122748297 0.594568657335375 0.6519240054005031 0.6918725848597751 0.776291376768873 0.8582472582438975 1.143019945018507 1.263086314943272 
40 400 0.4241838411947964 1.8932858917363817 1.397539437219393 0.6690798783985054 0.7084164629065983 0.7278349891701741 0.8100381263596458 0.840174705072668 0.8542440670806865 0.8805820587623258 0.9324004025651359 1.153191753230045 1.266759494216584 
92 920 0.18749654244469316 2.560772958883221 1.8706282405068286 0.4905658891691927 0.5423619112460447 0.5520547833416158 0.5948298144901024 0.6529179284220673 0.6880468290486975 0.7734120223229352 0.8547030647190635 1.1445476800815537 1.2562278635349717 
41 410 0.4158249809180909 1.9282113967006922 1.3923399785313249 0.6660083501468114 0.703011367795011 0.7312251080846714 0.8036755987842542 0.8310555058904558 0.8686542909648277 0.870974523874399 0.9261075697195299 1.1388019053745277 1.2842048910509067 
93 930 0.19649829372623606 2.564649978560986 1.903898996273228 0.4840432583294392 0.5384456864757916 0.5514675906257525 0.5932946476248794 0.6491062790801133 0.6808663139361475 0.766931399014481 0.844371063062677 1.1358265180044833 1.241401532097186 
42 420 0.3871785905102325 1.95303653249715 1.4069358037845925 0.6589043177405735 0.6969753158267423 0.7233257299607779 0.795629890751846 0.8176480871578475 0.8596521649497798 0.8840254006954131 0.9283255011874754 1.125055818841347 1.2868642039674498 
94 940 0.18286708887070618 2.5525361131830633 1.9437361332406176 0.48301366650071625 0.532433368108342 0.5500103161349686 0.5881420154074523 0.6506318946913198 0.6917599233043378 0.7670850924431931 0.8331649545302737 1.1652602156155736 1.2329098269040386 
95 950 0.16810103981894667 2.6107371176729903 1.9449025933628359 0.4781739040523153 0.5269369159058495 0.5423684357149683 0.5807090984241238 0.6434351878752169 0.6840667441419471 0.7572512133834408 0.8265229495116215 1.171416593863117 1.2483863600119827 
43 430 0.3708163202817596 1.9647378597665117 1.4181811939183533 0.6502062126476694 0.692873280091647 0.7196956981324721 0.7871112074689237 0.8135277736364693 0.8730807357275823 0.8841339681504143 0.9219575465085885 1.1139442112797802 1.2774847626442714 
44 440 0.3516217818867616 1.9696841937038894 1.4189491717122622 0.6450093467198529 0.6825063901162556 0.7141103619893525 0.7948748379122961 0.8100173144515385 0.8667236008264094 0.8727826446884813 0.913270721143306 1.1048541188961913 1.2704647150253658 
96 960 0.16047183153156214 2.602457165103477 1.9332687747753474 0.4747683654887054 0.5218222707781938 0.5369918632361342 0.5801481802045644 0.6369062484695456 0.6757540889243844 0.7527014073377121 0.8147104866026175 1.1620857018286528 1.2355643345305476 
45 450 0.34469244884577943 1.9672700344958407 1.4020686963109386 0.6398445607107844 0.6788760446756298 0.7119138805016589 0.784149631485524 0.8006637634058943 0.8637384952942274 0.8887394741141991 0.9137877193134694 1.1064125279902042 1.258747031021481 
97 970 0.16129314614248283 2.5920725836913165 1.934856051080115 0.47481911165910745 0.5219212675468022 0.533648233641496 0.5800290115274421 0.6338429470003111 0.688689048202827 0.7448035736256281 0.8063174545293081 1.170251630597872 1.2307656015442383 
46 460 0.30551840975058336 1.9356667262209581 1.3803665963283513 0.6448969004210484 0.6724003790558075 0.7155977651649789 0.7838927772732841 0.7938885207098296 0.8690776709532289 0.8853554829163326 0.9133032609416407 1.094716724164187 1.248305471988054 
98 980 0.161352069778043 2.5933239106296986 1.9337417471423852 0.4694705769590312 0.5223814831864536 0.5274819551237103 0.5783885070805171 0.6310575634125863 0.7002988781567214 0.7395582032459437 0.8038915509453227 1.1744864298402624 1.2174892725649757 
47 470 0.2728036288541014 1.9441485629852322 1.4054107022812385 0.6374536675572785 0.6707870307135905 0.7145589188217806 0.7763212180570375 0.7961783569284082 0.8691538146880422 0.8739453376752175 0.9020394642374409 1.0868799084688285 1.239304631751149 
99 990 0.1590982075046785 2.6028093739199454 1.9114664224428728 0.46427022218533787 0.5181450222481256 0.5269034924294878 0.5843219690818482 0.6352662258640551 0.6919911522993273 0.7341033767506372 0.8236281122860154 1.1591572281845937 1.2084068863358932 
48 480 0.23508406370936627 1.9337667267530123 1.409610752977972 0.636273081684594 0.6720789878394383 0.7071273072833164 0.7683181467372312 0.7888176923218422 0.8577969960234734 0.8835821865708082 0.9034218683110155 1.0791777141085406 1.2304037144902693 
100 1000 0.15717566973849958 2.6142973036852504 1.9399358978236152 0.459458724116797 0.5166546595408431 0.520442177498353 0.5824064643311492 0.6303205028543618 0.6863064846407062 0.7235770876752095 0.838514971704801 1.1442689633635494 1.2011617036132076 
49 490 0.22084862665042898 1.9312745714833632 1.4544813926235352 0.6293881184750878 0.6632932383086534 0.699967898540888 0.7602392348367706 0.7805291457441419 0.8465779991335117 0.8786694717382217 0.9083868776975421 1.0683605679788988 1.2155212688046955 
50 500 0.2101538727970578 1.9501791506186188 1.4914843687218053 0.6242836787335243 0.6547462184030017 0.6960438427003768 0.7493812959458385 0.7819593072114203 0.8387770107045041 0.8769652695224696 0.9108698690893489 1.0726550193182067 1.2174650143376111 
51 510 0.21896231722036055 1.937563178726318 1.495055828791087 0.6210883979367852 0.6467267031784149 0.6855666712398902 0.7470523136021376 0.7762216592624883 0.8267957653935133 0.8705154323073412 0.9032733722999806 1.0849595722385856 1.2033980105764337 
52 520 0.21878582300966737 2.070893422035641 1.5258263649437565 0.6169706361107076 0.6415831167984988 0.6875772499436887 0.7376182796621189 0.7680743099051519 0.8210709680195344 0.8888975660296299 0.895310770862849 1.072866315059822 1.2776804319108095 
53 530 0.23391470994924113 2.1159513328724575 1.5310692132817239 0.6087616326202945 0.6359786299083309 0.6774476551203856 0.727603962348616 0.7673389893791723 0.8161281335856263 0.8851309323826718 0.891579481192523 1.1120149729316344 1.2881099879445255 
54 540 0.22476040904870132 2.204958655290347 1.546648083607863 0.6011776808588609 0.6292825152715663 0.6791107149680312 0.7239091269514586 0.7640577545446087 0.8148642519746858 0.8738372151613234 0.8937876231463673 1.111526755862436 1.3255719307771232 
55 550 0.21320369598486744 2.2401357587442488 1.5579240647204011 0.6013755711038321 0.620599850823123 0.6712940960374177 0.7178798217871215 0.7594274276623492 0.8054827662267146 0.8681861231521426 0.9017033980016255 1.098591625141187 1.347162921264939 
56 560 0.1933576429504403 2.2653530461751887 1.5723760031826965 0.5968370141602669 0.6119359490439945 0.6636864057491416 0.707500339732364 0.7531957379881927 0.8031653783825298 0.8708355749814207 0.8927558251154527 1.091419012962813 1.3520465480980648 
58 580 0.1758858393133399 2.301119798809731 1.6213038155977766 0.58332061537573 0.6114319340545433 0.6495906820170688 0.6972140011569269 0.7357108963936092 0.7920183576511184 0.8672439892212574 0.8788546117610823 1.0830833343333133 1.3422906170949684 
60 600 0.1896709516498274 2.3962715941516137 1.7282546730300385 0.5721451049934756 0.5994903878520302 0.644305009364705 0.6841078248006288 0.7386281455784979 0.8029539616995764 0.8723079119787016 0.8916463063217512 1.0716636212145114 1.371015062828758 
62 620 0.1621586679079825 2.563644176727357 1.7288411740093244 0.5589670828978375 0.5864414542467321 0.6441702307528626 0.670181175991943 0.7301621887488761 0.7955971900869347 0.8677458908053103 0.8726927945749171 1.0565201785714864 1.4329927070533188 
64 640 0.1299944577293489 2.5708528530546846 1.722761143340388 0.5492615821903168 0.5815895945639332 0.6339590995079263 0.6574110808856971 0.7170000519832525 0.7791199090028065 0.8527866894543417 0.8542651298081707 1.0435142350464715 1.412070705647306 
66 660 0.12473338513759251 2.6490277654630576 1.8009278712992125 0.5429897688483301 0.5817185837132791 0.6245402440166121 0.6695876098858327 0.7104819210638589 0.7593308577715386 0.8353551877323468 0.863648332787864 1.036444494961579 1.438394974041594 
68 680 0.12080692741857123 2.665817338830175 1.7891353719399146 0.5309193669356653 0.5783414513201387 0.610036806330584 0.6730725442756738 0.7095132593813288 0.7491990129331956 0.8340126665991239 0.8681096563244379 1.0227217180227173 1.4153340538978367 
70 700 0.10222826111790291 2.7397223152943493 1.7946907171719826 0.5196716223969539 0.5644555112663796 0.593857103197643 0.683595227034905 0.7030185087662161 0.7431088074174145 0.8226250684059844 0.86274735185813 1.0036101063543017 1.4237559405061533 
72 720 0.08973441074546008 2.7000334538321744 1.8033351433336648 0.5154494810990491 0.5501618963521197 0.5825283130182491 0.6768765688980457 0.683584586080878 0.7376119596787012 0.8435913902755638 0.8452159307801985 0.9808726701110407 1.3917308427278676 
73 730 0.09227324846150517 2.708048151516871 1.8256344357319905 0.5106564426810801 0.5498440528416737 0.5749342700743323 0.6710014919923446 0.6824439552207412 0.7350485266976634 0.8380271421069156 0.8444487380977731 0.9703097716999243 1.38288223566268 
75 750 0.08783169554470903 2.7866132475207386 1.8109299990074317 0.5056775210028742 0.5514069571923096 0.5601189586206419 0.6622874550898938 0.7062329127291194 0.716294245892688 0.8440595613970691 0.8669563982508584 0.9522464754291835 1.4091276790000558 
76 760 0.08876935323544674 2.8224512734894285 1.8006638683268312 0.49868325193864926 0.5467706630360947 0.563001619705035 0.6566451630219431 0.7050425492254294 0.7101729503761237 0.8370011749148359 0.8714006825981011 0.9465516752723856 1.4075091795020902 
78 780 0.0762938479529775 2.892767314224335 1.8433532252632263 0.4904559252153139 0.5377099178518688 0.5575334695839682 0.642757188688882 0.7067419080693839 0.7139815459859681 0.8389220609144677 0.8796516955824085 0.9356340670890746 1.418774869530515 
80 800 0.0667827174492501 2.885626074771562 1.7507523598580432 0.47790310612896264 0.5233741092450338 0.5621739274871256 0.6330977572557236 0.6930696669601394 0.7106049052059873 0.8278022579759619 0.8697183194940155 0.9280875995948286 1.3790496642600558 
82 820 0.06717610829966499 2.9105198599480993 1.8373817880028536 0.47182456306933157 0.5229624011888657 0.5612605431094588 0.6302880093771731 0.6796706306125545 0.709017323532877 0.812357987758327 0.8856596782802449 0.9727443186481249 1.373254761224624 
84 840 0.06230085100727638 2.996268845111384 1.9342571794434094 0.4608947727980992 0.5165617543833022 0.550774320618777 0.6203962613289744 0.6768169831755726 0.7087833736415351 0.7959927102783413 0.8841929346015097 0.9927792598645924 1.3809646486096345 
85 850 0.05700708422101655 3.003144127298541 1.9293207310816876 0.4617467891936133 0.5105208323837963 0.5501000419337844 0.6220825336809419 0.667942281532474 0.6988946795280564 0.7913965478271323 0.8776322565343293 0.9923120714487292 1.386692158265757 
87 870 0.04995397793737932 3.053061882271035 1.9750300406201327 0.45321121791054586 0.5001254593209522 0.536429163615386 0.6149647925254853 0.6561083334939372 0.6818218283598335 0.7777922336587118 0.8745140025885848 0.9878092042775519 1.3836818940203193 
89 890 0.04862228179571002 3.0907539212018613 1.9789240222579982 0.4435636793518915 0.48873735811843133 0.5296085093335204 0.6014251328911309 0.6487550649293872 0.6888122559955523 0.7711224647610693 0.8581635989899317 0.9806153395064857 1.3709461812595838 
91 910 0.042195556581813974 3.1090072106491826 2.003152536023382 0.4407010047930223 0.4761175318812093 0.5168499993809429 0.594340554135021 0.6323532677069073 0.6864154872922656 0.7651028706327583 0.8509285217079825 0.9645576066289144 1.3701426016418463 
93 930 0.041759378321135035 3.0160888657500333 1.9568201296569665 0.44662696027370485 0.48146839745372894 0.5132716335323526 0.5873041088818212 0.6193910938699723 0.6848878383462356 0.7525366989240034 0.8265416077338787 0.9570810622910993 1.3470666020253037 
95 950 0.03859969589777127 2.949051882493217 1.9274204693894763 0.45104462462604394 0.47222744065822736 0.538666782102888 0.5845505028694512 0.6297024551289682 0.6754735194566966 0.7365117665676312 0.8213126286938172 0.9545633139567933 1.3301539993418814 
97 970 0.048720946094849164 2.954333773774993 1.9327707813568142 0.44545344545260207 0.4667430036330693 0.5311638436825208 0.5778915464895958 0.6179859520399819 0.6660576014611386 0.7411454471313229 0.8343869127220147 0.9374100875518535 1.316018158545059 
99 990 0.04184663637715295 3.020908733248471 1.9040481800411118 0.4386015488859305 0.457049526187251 0.523037894449246 0.57668363534434 0.6084278379227221 0.655233369538948 0.7301237307481694 0.82208322047037 0.9172201841158019 1.3249752494458138 
100 1001 0.03960591982903144 2.941643232465061 1.863343574337409 0.4480841599481087 0.451959814779464 0.5232144757142551 0.5712003226866257 0.60193644686894 0.6474921619378703 0.7248630108257584 0.8460545142601135 0.9110175616199514 1.3181037366861459 
